{
    start_time = Wed Jun 19 22:24:33 2024
    filename = "/mnt/E-1.5/projects/c++/Algorithms-and-DS-1/hw8/materials_p9/p9_parallel_matrix_move.cpp"
    kBlockSize = 6
    kBlockSkipStep = 1
    kMaxIterationsInBlock = 240
    kIterationsPerParamsPack = 60
    kThreadsCount = 16
    kTotalRecordsFromThread = 625
    kTotalRecordsFromThreads = 10000
    kGammaValues = [0.240000000000000,0.250000000000000,0.260000000000000,0.270000000000000,0.280000000000000,0.290000000000000,0.300000000000000,0.310000000000000,0.320000000000000,0.330000000000000,0.340000000000000,0.350000000000000,0.360000000000000,0.370000000000000,0.380000000000000,0.390000000000000,0.400000000000000,0.410000000000000,0.420000000000000,0.430000000000000,0.440000000000000,0.450000000000000,0.460000000000000,0.470000000000000,0.480000000000000,0.490000000000000,0.500000000000000,0.510000000000000,0.520000000000000,0.530000000000000,0.540000000000000,0.560000000000000,0.570000000000000,0.590000000000000,0.600000000000000,0.610000000000000,0.630000000000000,0.650000000000000,0.670000000000000,0.680000000000000,0.690000000000000,0.700000000000000,0.710000000000000,0.720000000000000,0.730000000000000,0.740000000000000,0.750000000000000,0.760000000000000,0.770000000000000,0.790000000000000,0.800000000000000,0.810000000000000,0.820000000000000,0.830000000000000,0.850000000000000,0.880000000000000,0.900000000000000,0.920000000000000,0.950000000000000,0.970000000000000,0.990000000000000,0.999900000000000,0.999999000000000,0.999999990000000,]
    kMinGammaValues = [0.000005000000000,9.000000e-09,3.000000e-09,]
    kFirstDecreaseProbability = [0.870000000000000,0.750000000000000,0.730000000000000,]
    kSecondDecreaseProbability = [0.400000000000000,0.200000000000000,0.100000000000000,]
    kMinTemperatureForEngDecreaseValues = [1.000000e-08,1.000000e-11,-1.000000000000000,]
    kInitialTempValues = [5.000000000000000,4.000000000000000,3.000000000000000,2.000000000000000,1.000000000000000,0.500000000000000,]
